15 15
1.007556668145268e-05 2.8505964684399602e-05 6.872502188875835e-05 0.00014119096737049322 0.0002471791438657267 0.00036874795156071564 0.0004687705201043183 0.0005078130421362723 0.0004687705201043183 0.00036874795156071564 0.0002471791438657267 0.00014119096737049322 6.872502188875835e-05 2.8505964684399602e-05 1.007556668145268e-05
2.8505964684399602e-05 8.064956029560804e-05 0.00019443800123935845 0.00039945988715735535 0.0006993234394177657 0.0010432679785628615 0.0013262535313055674 0.001436713298921567 0.0013262535313055674 0.0010432679785628615 0.0006993234394177657 0.00039945988715735535 0.00019443800123935845 8.064956029560804e-05 2.8505964684399602e-05
6.872502188875835e-05 0.00019443800123935845 0.0004687705201043183 0.0009630577246731201 0.0016859986747829645 0.0025152144632316796 0.0031974642492593798 0.003463771670575707 0.0031974642492593798 0.0025152144632316796 0.0016859986747829645 0.0009630577246731201 0.0004687705201043183 0.00019443800123935845 6.872502188875835e-05
0.00014119096737049322 0.00039945988715735535 0.0009630577246731201 0.0019785377733355946 0.003463771670575707 0.005167340125155 0.006568976743524997 0.0071160875541181915 0.006568976743524997 0.005167340125155 0.003463771670575707 0.0019785377733355946 0.0009630577246731201 0.00039945988715735535 0.00014119096737049322
0.0002471791438657267 0.0006993234394177657 0.0016859986747829645 0.003463771670575707 0.006063929810981575 0.009046320256785475 0.011500126939973845 0.012457938790694062 0.011500126939973845 0.009046320256785475 0.006063929810981575 0.003463771670575707 0.0016859986747829645 0.0006993234394177657 0.0002471791438657267
0.00036874795156071564 0.0010432679785628615 0.0025152144632316796 0.005167340125155 0.009046320256785475 0.013495523981845088 0.01715617339506271 0.01858506076966062 0.01715617339506271 0.013495523981845088 0.009046320256785475 0.005167340125155 0.0025152144632316796 0.0010432679785628615 0.00036874795156071564
0.0004687705201043183 0.0013262535313055674 0.0031974642492593798 0.006568976743524997 0.011500126939973845 0.01715617339506271 0.021809770851240157 0.023626242712102733 0.021809770851240157 0.01715617339506271 0.011500126939973845 0.006568976743524997 0.0031974642492593798 0.0013262535313055674 0.0004687705201043183
0.0005078130421362723 0.001436713298921567 0.003463771670575707 0.0071160875541181915 0.012457938790694062 0.01858506076966062 0.023626242712102733 0.025594003187770633 0.023626242712102733 0.01858506076966062 0.012457938790694062 0.0071160875541181915 0.003463771670575707 0.001436713298921567 0.0005078130421362723
0.0004687705201043183 0.0013262535313055674 0.0031974642492593798 0.006568976743524997 0.011500126939973845 0.01715617339506271 0.021809770851240157 0.023626242712102733 0.021809770851240157 0.01715617339506271 0.011500126939973845 0.006568976743524997 0.0031974642492593798 0.0013262535313055674 0.0004687705201043183
0.00036874795156071564 0.0010432679785628615 0.0025152144632316796 0.005167340125155 0.009046320256785475 0.013495523981845088 0.01715617339506271 0.01858506076966062 0.01715617339506271 0.013495523981845088 0.009046320256785475 0.005167340125155 0.0025152144632316796 0.0010432679785628615 0.00036874795156071564
0.0002471791438657267 0.0006993234394177657 0.0016859986747829645 0.003463771670575707 0.006063929810981575 0.009046320256785475 0.011500126939973845 0.012457938790694062 0.011500126939973845 0.009046320256785475 0.006063929810981575 0.003463771670575707 0.0016859986747829645 0.0006993234394177657 0.0002471791438657267
0.00014119096737049322 0.00039945988715735535 0.0009630577246731201 0.0019785377733355946 0.003463771670575707 0.005167340125155 0.006568976743524997 0.0071160875541181915 0.006568976743524997 0.005167340125155 0.003463771670575707 0.0019785377733355946 0.0009630577246731201 0.00039945988715735535 0.00014119096737049322
6.872502188875835e-05 0.00019443800123935845 0.0004687705201043183 0.0009630577246731201 0.0016859986747829645 0.0025152144632316796 0.0031974642492593798 0.003463771670575707 0.0031974642492593798 0.0025152144632316796 0.0016859986747829645 0.0009630577246731201 0.0004687705201043183 0.00019443800123935845 6.872502188875835e-05
2.8505964684399602e-05 8.064956029560804e-05 0.00019443800123935845 0.00039945988715735535 0.0006993234394177657 0.0010432679785628615 0.0013262535313055674 0.001436713298921567 0.0013262535313055674 0.0010432679785628615 0.0006993234394177657 0.00039945988715735535 0.00019443800123935845 8.064956029560804e-05 2.8505964684399602e-05
1.007556668145268e-05 2.8505964684399602e-05 6.872502188875835e-05 0.00014119096737049322 0.0002471791438657267 0.00036874795156071564 0.0004687705201043183 0.0005078130421362723 0.0004687705201043183 0.00036874795156071564 0.0002471791438657267 0.00014119096737049322 6.872502188875835e-05 2.8505964684399602e-05 1.007556668145268e-05
837 1200
99 100 102 103 103 102 100 99 99 99 99 99 99 100 100 101 100 100 99 99 99 99 100 100 99 99 99 99 99 98 98 98 99 99 99 99 100 100 100 100 100 100 99 99 99 99 100 100 100 99 98 98 99 100 99 98 98 98 98 98 98 99 100 101 98 98 98 98 98 99 100 101 101 100 99 98 98 99 100 101 99 98 98 99 100 100 99 97 97 98 99 100 100 99 98 97 100 100 100 100 100 100 100 100 102 101 99 98 98 99 100 100 99 99 99 99 99 98 98 98 97 98 99 100 100 100 99 98 101 100 100 100 100 101 101 102 100 100 100 100 100 100 100 100 100 100 100 99 99 98 98 98 98 99 100 99 98 98 99 100 100 100 100 100 100 100 100 100 99 99 100 100 100 100 99 99 101 101 100 100 100 100 101 101 96 99 101 101 99 97 97 99 99 99 98 98 98 98 99 99 98 98 98 99 99 99 99 99 98 98 98 98 98 97 97 97 99 99 98 97 98 99 100 101 97 98 98 99 99 98 98 97 98 99 100 100 101 100 100 100 98 98 98 98 98 98 98 98 98 98 98 99 99 99 100 100 97 99 100 99 98 96 96 97 99 99 99 98 98 97 97 97 97 97 98 98 99 100 100 101 97 97 97 97 97 97 97 97 99 99 99 99 99 98 98 98 95 96 98 99 99 98 96 95 97 97 96 96 96 96 97 97 98 98 98 98 98 98 98 98 98 98 98 98 98 98 98 98 95 95 96 97 98 98 99 99 97 96 96 96 95 95 95 94 97 97 97 97 97 97 97 97 99 98 97 96 96 97 98 99 99 99 99 98 98 97 97 97 97 98 99 100 100 100 99 98 100 99 99 99 99 98 98 98 98 98 97 97 96 96 95 95 97 97 97 97 97 97 97 97 98 98 98 97 97 97 97 97 99 99 99 99 99 98 97 96 99 98 96 94 94 94 95 96 99 97 95 95 96 97 97 97 99 98 97 96 97 96 95 94 94 96 97 99 99 97 96 94 96 95 94 94 94 94 95 96 97 96 95 94 94 94 95 96 96 95 95 94 94 95 95 96 96 95 94 95 96 96 95 94 97 96 96 95 94 94 93 93 95 96 96 97 97 96 96 95 95 95 94 93 93 94 95 95 94 94 94 95 95 96 96 96 95 95 95 95 95 95 95 95 94 93 93 93 95 96 95 94 95 94 93 92 92 93 94 95 93 94 96 97 97 96 94 93 95 96 97 96 94 93 94 95 97 96 95 95 97 97 96 95 95 95 95 95 95 95 95 95 95 94 94 94 93 93 92 92 94 94 94 94 94 94 94 94 94 94 95 95 95 95 94 94 95 95 95 94 94 94 93 93 93 94 95 95 94 93 94 95 96 96 96 96 95 94 92 91 96 95 94 94 93 94 94 94 94 94 95 95 95 95 94 94 92 93 94 95 95 94 93 92 93 93 93 93 93 93 93 93 92 92 93 93 93 93 92 92 95 94 94 94 93 93 93 92 92 92 92 92 93 93 93 93 92 92 92 93 93 93 93 93 94 94 94 94 93 93 93 93 94 94 94 94 93 93 93 93 92 94 94 92 90 90 93 96 96 94 93 92 92 93 92 91 94 94 94 93 93 92 92 92 93 93 93 93 93 93 93 93 91 92 93 93 91 91 92 93 94 94 94 94 94 94 94 94 93 92 92 91 91 92 92 93 93 91 90 91 92 94 94 93 91 91 91 91 91 91 91 91 92 93 95 95 95 93 91 89 90 91 91 91 91 92 92 92 86 89 90 87 88 93 94 91 88 90 92 93 92 90 89 89 94 89 87 90 93 92 90 90 91 91 91 91 91 91 91 91 92 92 91 90 89 88 88 87 88 89 90 91 91 90 89 88 89 91 93 93 92 91 91 91 89 90 91 92 92 91 90 89 91 90 88 87 87 88 90 91 89 90 90 90 88 88 88 89 88 88 88 88 87 87 87 87 88 88 88 87 88 88 89 90 86 86 86 86 86 87 88 89 87 87 87 87 86 86 86 86 87 88 89 90 89 87 85 83 91 90 90 89 88 87 87 86 86 86 86 86 86 85 85 85 88 88 88 88 88 87 86 86 87 86 86 87 89 89 88 87 90 89 89 88 87 87 86 86 86 87 88 88 88 88 88 88 88 86 85 85 86 88 88 88 88 87 86 86 87 88 87 86 85 86 86 87 88 88 88 87 85 85 85 84 84 83 83 83 85 85 85 84 84 84 84 84 87 87 86 86 86 86 85 85 87 86 86 85 84 84 85 85 88 87 86 86 85 85 85 86 85 86 86 87 87 86 86 85 86 86 85 86 87 87 86 85 83 84 85 85 84 84 85 86 86 86 86 86 86 86 86 86 86 86 85 84 83 82 82 81 86 85 85 85 84 84 84 83 83 83 82 82 83 84 86 87 85 85 85 85 85 85 85 85 85 85 85 85 85 84 84 83 84 84 84 84 84 84 84 84 84 84 84 84 84 84 84 84 84 85 85 85 85 85 84 83 85 84 83 82 82 83 84 85 85 85 85 85 85 85 85 85 79 81 84 84 82 82 84 87 82 82 82 82 82 82 82 82 85 85 83 83 82 83 84 85 88 88 87 87 86 85 85 84 83 83 83 83 82 82 81 80 83 83 84 84 83 83 82 82 85 86 86 87 87 86 84 83 82 82 83 84 84 83 82 82 82 82 83 83 83 83 84 84
97 98 99 100 100 99 98 97 99 99 99 99 99 100 100 101 100 100 99 99 99 99 100 100 99 99 99 99 99 98 98 98 99 99 99 99 100 100 100 100 100 100 99 99 99 99 100 100 100 99 98 98 99 100 99 98 99 98 98 98 98 99 100 100 99 99 98 98 98 99 99 100 100 100 99 99 99 99 100 100 99 98 98 99 100 100 99 97 98 98 99 100 100 99 98 98 100 100 100 100 100 100 100 100 100 99 99 98 98 98 98 98 99 99 99 99 99 98 98 98 98 98 99 99 99 99 99 99 100 99 99 99 99 99 100 100 99 99 99 99 99 99 99 99 98 98 98 98 98 98 97 97 98 99 100 99 98 98 99 100 100 100 100 100 100 100 100 100 99 99 100 100 100 100 99 99 101 101 100 100 100 100 101 101 97 99 101 100 98 97 98 99 99 99 99 99 99 99 99 99 98 98 98 99 99 99 99 99 99 99 99 98 98 98 98 98 99 99 98 97 98 99 100 101 97 98 98 99 99 98 98 97 98 98 99 100 100 100 99 99 100 100 100 100 100 100 100 100 98 98 98 99 99 99 99 99 97 99 100 100 98 97 97 98 99 99 99 98 98 97 97 97 98 98 98 99 99 99 100 100 100 100 100 100 100 100 100 100 99 99 99 99 99 98 98 98 98 97 97 97 97 97 97 98 98 98 97 97 97 97 98 98 98 98 98 98 98 98 98 98 98 98 98 98 98 98 98 98 97 97 97 97 97 97 98 98 98 98 98 97 97 97 97 97 97 97 97 97 97 97 97 97 98 97 97 97 97 97 97 98 98 98 98 98 98 98 98 98 97 98 99 100 100 99 98 98 98 98 98 97 97 97 97 96 98 97 97 97 96 96 96 95 97 97 97 97 97 97 97 97 98 98 98 97 97 97 97 97 97 98 98 98 97 97 96 95 96 96 97 97 97 97 97 97 98 96 95 95 96 97 98 97 99 98 96 96 97 97 95 94 95 96 97 98 98 97 96 95 96 95 95 94 94 95 95 96 97 96 95 94 94 94 95 95 96 95 95 94 94 95 95 96 98 97 96 96 97 97 96 95 97 96 96 95 95 94 94 93 95 95 96 96 96 96 95 95 96 95 95 95 95 95 95 96 94 94 94 95 95 96 96 96 95 95 95 95 95 95 95 95 94 93 93 94 95 96 95 94 95 94 93 93 93 93 94 95 95 95 95 95 95 95 95 95 95 96 96 96 94 94 94 95 96 95 94 95 96 96 96 95 95 95 95 95 95 95 95 95 96 95 95 95 94 94 94 93 94 94 94 94 94 94 94 94 94 94 95 95 95 95 94 94 95 95 95 94 94 94 94 94 93 94 95 95 94 93 94 95 93 94 94 95 95 94 93 93 96 95 94 94 93 94 94 94 92 92 93 93 93 93 92 92 93 93 94 94 94 94 93 93 94 94 94 94 94 94 94 94 94 94 95 95 95 95 94 94 94 94 94 94 93 93 93 93 93 93 94 94 94 94 94 94 93 93 93 93 93 93 93 93 95 94 94 93 93 93 93 93 93 93 93 93 92 92 92 92 91 93 94 93 91 90 92 94 94 93 91 91 91 92 91 90 93 93 93 93 92 92 92 91 93 93 93 93 93 93 93 93 91 92 93 93 91 91 92 93 93 93 93 93 93 93 93 93 93 92 92 91 91 92 92 93 91 90 89 89 90 91 91 91 93 93 93 93 93 93 93 93 94 94 93 93 93 92 92 91 93 92 92 92 91 91 91 91 90 92 92 89 89 92 93 90 88 90 92 93 92 90 90 90 93 89 88 91 92 90 89 91 92 92 92 91 91 91 91 91 90 90 90 90 90 89 89 89 90 90 91 92 92 91 90 90 89 91 93 93 92 91 91 91 89 89 91 91 92 91 91 90 90 90 90 90 90 90 90 90 89 90 90 90 88 88 88 89 88 88 88 88 87 87 87 87 88 88 88 87 88 88 89 90 88 87 87 86 86 86 87 87 88 88 88 88 88 87 87 87 90 90 91 90 90 89 87 86 87 87 87 88 88 88 89 89 87 87 87 86 86 86 86 86 88 88 88 88 88 87 86 86 87 87 86 87 89 89 88 86 89 89 88 88 87 86 86 85 86 87 87 88 88 88 88 88 88 86 85 86 87 88 88 87 86 86 85 86 87 88 87 86 84 85 85 86 87 87 86 86 88 88 88 88 88 88 88 87 85 85 85 85 86 86 86 86 87 87 86 86 86 86 85 85 86 86 85 85 85 85 85 85 86 86 85 85 84 85 85 85 84 84 85 85 85 85 84 84 85 84 84 84 86 86 84 83 84 85 86 85 84 83 84 85 85 85 85 85 85 85 85 85 85 84 84 83 83 82 82 82 85 85 85 85 84 84 84 84 84 83 83 82 83 84 85 86 85 85 85 85 85 85 85 85 85 85 85 85 85 84 84 83 84 84 84 84 84 84 84 84 84 84 84 84 84 84 84 84 84 84 85 85 85 85 84 84 84 84 84 83 83 84 84 84 85 85 85 85 85 85 85 85 82 84 85 85 83 83 84 86 83 83 83 83 83 83 83 83 84 84 83 83 83 84 84 84 86 85 85 85 84 84 83 83 82 83 83 83 83 83 82 81 83 83 84 84 84 83 82 82 83 84 84 85 85 84 83 82 82 83 84 85 85 84 83 82 82 82 83 83 83 83 84 84
96 97 98 99 99 98 97 96 99 99 99 99 99 100 100 101 100 100 99 99 99 99 100 100 99 99 99 99 99 98 98 98 99 99 99 99 100 100 100 100 100 100 99 99 99 99 100 100 100 99 98 98 99 100 99 98 100 99 99 98 98 98 99 99 100 99 99 98 98 98 99 99 99 99 100 100 100 100 99 99 99 98 98 99 100 100 99 97 98 98 99 100 100 99 98 98 99 99 99 99 99 99 99 99 98 98 98 98 98 98 97 96 99 99 99 99 99 98 98 98 99 98 98 98 98 99 100 100 99 98 98 98 98 98 98 99 98 98 98 98 98 98 98 98 96 97 97 97 97 97 97 97 98 99 100 99 98 98 99 100 100 100 100 100 100 100 100 100 99 99 100 100 100 100 99 99 101 100 100 99 99 100 100 101 98 99 100 99 98 97 99 100 98 98 99 100 100 99 98 98 98 98 98 99 99 99 99 99 100 100 100 99 99 99 99 98 99 98 98 98 98 99 100 100 98 98 99 99 99 99 98 98 97 97 98 99 99 99 99 98 100 100 100 100 100 100 100 100 99 99 99 99 99 98 98 98 97 99 100 100 99 99 99 100 99 99 99 98 98 98 98 98 99 99 99 99 99 99 99 99 101 101 101 101 101 101 101 101 99 99 99 99 99 98 98 98 100 98 97 95 95 97 98 100 99 99 98 98 98 98 99 99 98 98 98 98 98 98 98 98 98 98 98 98 98 98 98 98 98 98 98 97 97 97 96 96 97 97 97 98 98 98 98 98 97 97 97 97 97 97 97 97 97 97 97 98 98 97 97 97 98 98 98 98 98 98 98 98 98 99 99 99 99 99 98 97 98 98 98 97 97 97 97 96 97 97 97 97 96 96 96 96 98 98 98 98 98 98 98 98 98 98 98 97 97 97 97 97 96 97 97 97 97 96 95 95 94 95 97 99 100 99 98 97 97 96 94 95 97 98 98 98 99 97 96 96 97 97 96 94 95 96 97 98 98 97 96 95 96 96 95 94 94 95 96 96 96 96 95 94 94 94 95 95 96 95 95 94 94 95 95 96 98 96 95 95 96 96 95 93 97 96 96 96 95 94 94 94 94 94 95 95 95 95 94 94 96 96 96 97 97 96 96 96 94 94 95 95 95 95 96 96 95 95 95 95 95 95 95 95 95 94 93 94 95 96 95 94 95 95 94 94 94 94 95 95 97 96 94 93 93 94 96 97 94 95 96 95 95 94 95 96 95 94 94 94 95 96 95 94 94 94 94 95 95 96 96 96 96 96 96 95 95 95 95 95 94 94 94 94 94 94 94 94 94 94 95 95 95 95 94 94 94 94 94 94 94 95 95 95 93 94 95 95 94 93 94 95 90 91 92 93 94 95 95 94 96 95 94 94 93 94 94 94 92 92 93 93 93 93 92 92 94 94 93 93 93 93 94 94 94 94 94 94 94 94 94 94 94 94 94 94 94 94 94 94 93 93 93 93 94 94 94 94 94 94 94 94 94 94 94 94 94 94 94 93 93 92 92 92 96 95 93 92 92 93 93 94 92 92 92 92 92 91 91 91 91 92 93 93 92 91 92 93 93 91 90 90 91 92 91 91 92 92 92 92 91 91 91 91 93 93 93 93 93 93 93 93 91 92 93 93 91 91 92 93 91 91 91 91 91 91 91 91 93 92 92 91 91 92 92 93 92 91 89 89 90 91 90 90 94 94 94 94 94 94 94 94 95 94 92 91 91 92 92 93 95 94 94 93 92 91 90 90 93 95 93 90 89 91 91 89 88 90 92 93 91 90 90 90 91 89 90 92 91 88 89 93 92 92 92 91 91 90 90 90 89 89 89 90 90 90 91 91 91 91 92 92 92 92 91 91 89 91 92 92 91 90 90 91 89 89 90 91 92 92 91 91 89 90 92 93 93 92 90 89 89 90 90 90 88 88 88 89 88 88 88 88 88 87 87 87 88 88 88 87 88 88 89 90 89 89 88 87 86 86 86 86 89 89 89 89 88 88 88 88 91 90 90 89 88 88 88 88 86 86 87 87 87 88 88 88 88 88 88 88 87 87 87 87 88 88 88 88 88 87 87 86 88 87 87 88 89 89 87 85 88 88 87 87 86 86 85 85 86 86 87 88 88 88 88 87 88 87 86 87 88 88 86 85 85 84 84 85 86 87 87 86 84 84 85 85 86 86 85 85 86 86 86 87 87 87 87 87 85 85 86 86 87 87 87 87 87 87 86 86 86 86 85 85 85 85 85 85 85 85 86 86 84 84 84 84 84 84 85 85 84 84 85 85 85 85 84 84 85 84 84 84 86 86 84 83 85 86 86 85 84 83 83 84 84 84 84 84 84 84 84 84 84 84 84 84 84 84 84 84 84 84 84 84 85 85 85 85 85 84 84 83 83 84 85 85 85 85 85 85 85 85 85 85 85 85 85 85 85 84 84 83 84 84 84 84 84 84 84 84 84 84 84 84 84 84 84 84 83 83 84 85 85 85 85 85 83 84 84 84 84 84 84 83 84 84 84 84 84 84 84 84 85 86 86 86 84 83 84 85 83 83 83 83 83 83 83 83 82 83 83 84 85 85 85 84 84 84 84 84 84 84 84 84 82 83 83 84 84 84 84 83 83 84 84 84 84 83 82 82 83 84 84 84 84 83 82 82 82 83 85 86 86 85 83 82 82 82 83 83 83 83 84 84
99 99 100 101 101 100 99 99 99 99 99 99 99 100 100 101 100 100 99 99 99 99 100 100 99 99 99 99 99 98 98 98 99 99 99 99 100 100 100 100 100 99 99 98 98 99 99 100 100 99 98 98 99 100 99 98 101 100 99 98 98 98 98 98 101 100 99 98 98 98 98 98 98 99 100 101 101 100 99 98 99 98 98 99 100 100 99 97 98 99 99 99 99 99 99 98 99 99 99 99 99 99 99 99 98 98 99 100 99 98 97 96 99 99 99 99 99 98 98 98 99 99 98 97 98 99 100 101 99 99 98 98 98 98 98 99 98 98 98 98 98 98 98 98 96 96 97 97 98 98 98 99 98 99 100 99 98 98 99 100 100 100 100 100 100 100 100 100 98 99 99 100 100 99 99 98 100 100 99 99 99 99 100 100 99 99 98 98 97 98 100 101 97 98 100 101 101 100 98 97 98 98 98 99 99 99 99 99 100 100 100 100 100 99 99 99 98 98 98 98 99 99 99 100 98 98 99 99 99 99 98 98 96 97 98 98 99 98 98 98 98 98 98 98 98 98 98 98 100 100 99 99 99 98 98 98 97 99 100 101 100 100 100 101 99 99 99 99 99 98 98 98 99 99 99 99 99 99 98 98 98 98 98 98 98 98 98 98 99 99 99 99 99 98 98 98 99 98 97 97 97 97 98 99 99 99 98 98 98 98 99 99 98 98 98 98 98 98 98 98 98 98 98 98 98 98 98 98 98 97 97 97 97 97 97 97 95 95 96 96 96 97 97 97 97 97 97 97 97 97 97 97 96 97 98 99 99 98 97 96 97 97 97 98 98 99 99 99 99 99 99 99 98 98 97 97 100 99 99 99 99 98 98 98 97 97 97 97 96 96 96 96 97 97 97 97 97 97 97 97 98 98 98 97 97 97 97 97 96 97 97 97 97 97 96 96 95 96 97 98 98 98 97 97 96 95 95 95 97 98 98 97 98 97 96 96 97 97 96 95 96 96 97 97 97 97 96 96 96 96 95 95 95 95 96 96 96 96 95 95 95 94 95 95 96 95 95 94 94 95 95 96 95 94 93 93 93 93 92 91 97 96 96 96 95 95 95 95 93 94 94 95 95 94 94 93 94 95 96 97 97 96 95 94 95 95 95 95 95 95 95 95 95 95 95 95 95 95 95 95 95 94 93 94 96 96 96 95 96 95 95 95 95 95 95 96 96 95 95 94 94 95 95 96 93 94 95 95 95 95 96 97 95 94 93 93 95 95 94 93 93 93 94 95 95 96 97 97 95 95 95 95 95 95 95 95 94 94 94 94 94 94 94 94 94 94 95 95 95 95 94 94 93 93 94 94 94 95 95 95 93 94 95 95 94 93 94 95 90 91 91 92 93 94 94 94 96 95 94 94 93 94 94 94 94 94 95 95 95 95 94 94 95 94 93 92 92 93 94 95 93 93 93 93 93 93 93 93 93 93 92 92 92 92 93 93 92 93 93 93 94 94 94 95 93 93 93 93 93 93 93 93 95 95 94 94 93 92 92 91 96 95 93 92 92 92 94 94 93 93 93 92 92 92 92 91 92 93 94 95 94 93 93 92 93 91 90 90 91 92 92 92 91 91 91 91 91 91 91 91 93 93 93 93 93 93 93 93 91 92 93 93 91 91 92 93 92 92 92 92 92 92 92 92 93 92 92 91 91 92 92 93 95 93 91 91 92 92 92 91 92 92 92 92 92 92 92 92 93 93 92 92 92 92 92 92 94 94 93 93 92 91 91 91 93 93 92 91 90 90 90 89 89 90 92 92 91 90 90 90 90 90 92 93 90 87 89 94 92 92 91 91 90 90 90 89 89 89 89 90 90 90 90 90 90 90 91 91 91 91 90 90 90 91 92 92 90 90 90 91 90 91 91 91 91 91 90 90 89 90 91 91 91 91 90 89 89 90 90 90 88 88 88 89 89 89 88 88 88 88 87 87 88 88 88 87 88 88 89 90 89 88 88 87 86 87 87 87 89 89 88 88 88 88 88 87 90 89 87 86 86 86 87 88 89 88 88 87 86 85 85 84 89 89 89 88 88 88 88 88 87 87 88 88 88 88 87 87 89 88 87 88 89 88 86 85 87 87 86 86 86 85 85 85 86 86 87 87 88 88 87 87 87 87 87 88 88 88 85 83 86 85 84 84 86 86 85 84 84 85 86 86 86 86 85 85 84 84 84 85 85 86 86 86 84 84 85 85 86 87 87 88 87 87 86 86 86 86 85 85 85 85 84 84 85 86 86 87 83 84 84 85 85 85 85 85 85 86 86 87 87 86 86 85 86 86 85 86 87 87 86 85 85 86 87 85 84 82 83 84 85 85 85 85 85 85 85 85 85 85 85 86 86 86 87 87 83 84 84 84 85 85 85 86 85 85 84 84 84 84 84 84 85 85 85 85 85 85 85 85 85 85 85 85 85 84 84 83 84 84 84 84 84 84 84 84 84 84 84 84 84 84 84 84 82 83 84 85 86 86 86 86 82 83 84 85 85 84 83 82 84 84 84 84 84 84 84 84 84 85 85 85 84 84 84 84 84 84 84 84 84 84 84 84 81 82 83 85 85 85 85 84 85 85 85 85 86 86 86 86 82 83 84 84 85 85 85 84 84 84 84 84 84 83 83 82 85 85 85 85 85 85 84 84 83 84 86 87 87 86 84 83 82 82 83 83 83 83 84 84
101 101 101 101 101 101 101 101 99 99 99 99 99 100 100 101 100 100 99 99 99 99 100 100 99 99 99 99 99 98 98 98 99 99 99 99 100 100 100 100 99 99 98 98 98 98 99 99 100 99 98 98 99 100 99 98 101 101 100 99 98 97 97 97 101 100 99 98 98 98 98 98 98 99 100 101 101 100 99 98 99 98 98 99 100 100 99 97 99 99 99 98 98 99 99 99 99 99 99 99 99 99 99 99 99 99 100 101 100 99 98 97 99 99 99 99 99 98 98 98 99 99 98 97 98 99 100 101 101 100 99 99 98 98 99 99 98 98 98 98 98 98 98 98 97 98 98 98 99 99 100 100 98 99 100 99 98 98 99 100 99 99 99 99 99 99 99 99 98 98 99 99 99 99 98 98 100 100 99 99 99 99 100 100 99 98 97 97 98 99 100 101 97 98 100 101 101 100 98 97 98 98 98 99 99 99 99 99 100 100 100 100 100 99 99 99 98 98 98 99 99 99 99 99 98 99 99 100 100 99 99 98 96 97 98 98 99 98 98 98 98 98 98 98 98 98 98 98 100 100 99 99 99 98 98 98 97 99 100 101 100 100 100 101 99 99 99 99 99 99 99 99 99 99 99 99 99 99 98 98 97 97 97 97 97 97 97 97 99 99 99 99 99 98 98 98 97 98 99 99 99 99 98 97 98 98 97 97 97 97 98 98 98 98 98 98 98 98 98 98 98 98 98 98 98 98 98 98 96 96 96 97 98 98 99 99 95 96 96 96 97 97 98 98 97 97 97 97 97 97 97 97 96 97 98 99 99 98 97 96 97 97 97 98 98 99 99 99 98 98 98 98 97 98 98 98 100 99 99 99 99 98 98 98 96 96 96 96 97 97 97 97 96 96 96 96 96 96 96 96 98 98 98 97 97 97 97 97 97 97 98 98 99 98 98 97 98 97 96 95 95 95 96 96 96 95 95 96 98 98 97 96 98 97 96 96 97 97 96 95 96 96 97 97 97 97 96 96 96 96 96 96 96 96 96 96 95 95 96 95 95 95 94 94 96 95 95 94 94 95 95 96 95 94 93 93 94 94 93 91 96 96 96 96 96 96 96 96 93 94 94 95 95 94 94 93 93 94 95 96 96 95 94 93 95 95 95 95 95 95 95 95 95 95 95 95 95 95 95 95 95 94 94 94 96 97 96 95 95 95 95 96 96 95 95 95 94 95 95 96 96 95 95 94 93 94 95 95 95 95 96 97 95 94 93 93 95 95 94 93 93 93 94 95 95 96 97 97 93 93 94 94 94 94 94 94 94 94 94 94 94 94 94 94 94 94 95 95 95 95 94 94 93 93 94 94 94 95 95 95 93 94 95 95 94 93 94 95 93 93 92 92 92 93 93 93 96 95 94 94 93 94 94 94 94 94 95 95 95 95 94 94 95 94 93 92 92 93 94 95 93 93 93 93 93 93 93 93 94 93 92 92 92 92 93 94 92 93 93 93 94 94 94 95 95 95 95 94 94 94 93 93 96 95 95 94 93 93 92 92 95 95 93 93 92 93 93 94 94 94 94 93 93 93 93 93 93 94 94 95 96 95 94 93 94 92 91 91 93 94 93 93 91 91 91 91 91 91 91 91 93 93 93 93 93 93 93 93 91 92 93 93 91 91 92 93 92 92 92 92 92 92 92 92 93 92 92 91 91 92 92 93 95 93 91 91 92 92 92 91 92 92 92 92 92 92 92 92 90 91 92 94 94 93 91 90 92 92 92 92 92 92 92 92 91 90 89 90 90 89 90 91 89 91 92 91 90 90 90 91 90 90 92 93 90 87 89 94 91 91 91 90 90 90 90 89 90 90 90 90 90 89 89 89 89 89 89 89 89 89 89 89 90 91 91 91 89 89 90 91 93 92 92 91 90 89 89 89 90 90 89 88 88 89 90 90 89 90 90 90 88 88 88 89 89 89 89 89 88 88 88 88 88 88 88 87 88 88 89 90 87 87 87 87 87 88 89 89 88 87 87 87 87 87 86 86 90 89 87 85 85 86 88 89 89 88 88 87 86 85 85 84 89 89 89 89 89 88 88 88 87 87 88 88 88 88 87 87 89 88 87 88 89 88 86 85 86 86 86 86 86 86 85 85 85 86 86 87 87 87 87 87 87 87 87 88 88 88 85 83 88 87 85 85 85 85 83 82 86 87 87 87 87 87 86 86 86 86 86 87 87 88 88 88 83 83 84 84 85 86 86 86 87 87 86 86 86 86 85 85 85 85 84 84 85 86 86 87 84 84 86 87 87 87 86 86 85 86 86 87 87 86 86 85 86 86 85 86 87 87 86 85 85 86 87 85 84 82 83 84 86 86 86 86 86 86 86 86 84 84 84 85 85 86 86 86 83 84 84 84 85 85 85 86 85 85 85 85 85 85 84 84 84 84 84 84 84 84 84 84 85 85 85 85 85 84 84 83 85 85 85 85 85 85 85 85 84 84 84 84 84 84 84 84 82 83 84 85 86 86 86 86 82 83 84 85 85 84 83 82 84 84 84 84 84 84 84 84 82 82 82 83 84 84 85 84 84 84 84 84 84 84 84 84 81 82 83 85 85 85 85 84 85 85 85 85 85 85 86 86 82 83 84 84 85 85 85 84 84 84 85 85 84 84 83 83 85 85 85 84 84 84 84 84 83 84 85 86 86 85 84 83 82 82 83 83 83 83 84 84
100 100 100 100 100 100 100 100 99 99 99 99 99 100 100 101 100 100 99 99 99 99 100 100 99 99 99 99 99 98 98 98 99 99 99 99 100 100 100 100 99 99 98 98 98 98 99 99 100 99 98 98 99 100 99 98 101 101 100 98 98 97 97 98 100 99 99 98 98 98 99 99 99 99 100 100 100 100 99 99 99 98 98 99 100 100 99 97 100 99 98 98 98 98 99 100 98 98 98 98 98 98 98 98 100 100 100 100 100 100 99 99 99 99 99 99 99 98 98 98 99 98 98 98 98 99 100 100 101 101 100 99 98 98 98 99 98 98 98 98 98 98 98 98 99 99 99 99 99 99 99 100 98 99 100 99 98 98 99 100 99 99 99 99 99 99 99 99 98 98 99 99 99 99 98 98 100 99 99 98 98 99 99 100 99 98 97 97 99 100 100 100 98 98 99 100 100 99 98 98 98 98 98 99 99 99 99 99 100 100 100 99 99 99 99 98 97 98 99 99 100 99 99 99 99 99 100 100 100 100 99 99 97 97 98 99 99 99 99 98 100 100 100 100 100 100 100 100 99 99 99 99 99 98 98 98 97 99 100 100 99 99 99 100 99 99 99 99 99 100 100 100 99 99 99 99 99 99 99 99 99 99 99 99 99 99 99 99 99 99 99 99 99 98 98 98 96 98 99 101 101 99 98 96 98 98 97 97 97 97 98 98 98 98 98 98 98 98 98 98 98 98 98 98 98 98 98 98 95 95 96 97 98 99 99 100 98 98 98 99 99 99 99 99 97 97 97 97 97 97 97 97 97 97 97 98 98 97 97 97 98 98 98 98 98 98 98 98 97 97 97 97 97 98 99 99 98 98 98 97 97 97 97 96 96 96 96 96 97 97 97 97 95 95 95 95 95 95 95 95 98 98 98 97 97 97 97 97 97 97 98 99 99 99 99 98 99 98 96 94 93 94 95 96 97 96 96 97 98 98 96 95 97 96 95 96 97 98 97 96 97 97 96 96 96 96 97 97 95 96 97 97 97 97 96 95 95 95 96 96 96 95 94 94 96 95 95 94 94 95 95 96 96 95 94 95 96 97 96 95 96 96 96 96 96 96 96 96 94 94 95 95 95 95 94 94 93 94 94 94 94 94 94 93 96 96 95 95 95 95 94 94 95 95 95 95 95 95 95 95 96 95 94 95 96 97 96 95 94 94 95 95 95 95 94 94 93 94 96 97 97 96 94 93 94 95 96 95 95 94 95 96 95 94 94 94 95 96 95 94 94 94 94 95 95 96 96 96 93 93 93 93 93 94 94 94 94 94 94 94 94 94 94 94 94 94 95 95 95 95 94 94 94 94 94 94 94 95 95 95 93 94 95 95 94 93 94 95 95 94 93 93 92 92 92 93 96 95 94 94 93 94 94 94 92 92 93 93 93 93 92 92 94 94 93 93 93 93 94 94 94 94 94 94 94 94 94 94 96 95 94 93 93 94 95 96 93 93 93 93 94 94 94 94 97 97 97 96 96 95 95 94 95 95 95 94 94 93 93 93 94 94 94 94 94 93 93 93 94 94 94 94 94 93 93 93 95 94 93 94 95 95 94 93 95 93 92 92 93 94 93 93 91 91 91 91 92 92 92 92 93 93 93 93 93 93 93 93 91 92 93 93 91 91 92 93 93 93 93 93 93 93 93 93 93 92 92 91 91 92 92 93 92 91 89 89 90 91 90 90 93 93 93 93 93 93 93 93 88 90 92 94 94 93 91 89 90 90 91 91 91 92 92 92 90 88 88 90 90 89 90 92 90 91 91 91 90 89 90 92 91 89 90 92 91 88 89 93 90 90 90 90 90 90 90 90 91 91 90 90 90 89 89 89 89 89 88 87 87 88 89 89 90 91 91 90 89 89 90 92 93 93 91 90 89 89 89 89 91 90 88 87 87 88 90 91 89 90 90 90 88 88 88 89 89 89 89 89 89 88 88 88 88 88 88 87 88 88 89 90 87 87 87 87 88 89 90 90 87 87 87 87 86 86 86 86 91 90 88 87 87 88 90 91 86 86 87 87 87 88 88 88 89 89 89 89 88 88 88 88 86 87 87 88 88 88 88 88 88 87 87 88 89 89 87 85 86 86 86 86 86 86 86 86 85 85 86 87 87 87 87 86 88 87 86 87 88 88 86 85 89 87 86 85 86 85 84 83 87 87 88 88 88 87 86 86 85 85 85 85 85 86 86 86 83 83 84 84 84 85 85 85 87 87 86 86 86 86 85 85 85 85 85 85 85 85 86 86 84 85 87 88 88 87 86 85 84 84 85 85 85 85 84 84 85 84 84 84 86 86 84 83 85 86 86 85 84 83 83 84 86 86 86 86 86 86 86 86 82 82 82 83 83 84 84 84 84 84 84 84 85 85 85 85 84 84 85 86 86 85 85 84 84 84 84 84 84 84 84 84 85 85 85 85 85 84 84 83 85 85 85 85 85 85 85 85 84 84 84 84 84 84 84 84 83 83 84 85 85 85 85 85 83 84 84 84 84 84 84 83 83 83 83 83 83 83 83 83 81 80 80 82 84 85 85 84 83 83 83 83 83 83 83 83 82 83 83 84 85 85 85 84 83 83 83 83 83 83 83 83 82 83 83 84 84 84 84 83 84 85 85 85 85 84 83 83 84 83 82 82 81 82 82 82 84 84 84 85 85 84 84 84 82 82 83 83 83 83 84 84
99 99 99 98 98 99 99 99 99 99 99 99 99 100 100 101 100 100 99 99 99 99 100 100 99 99 99 99 99 98 98 98 99 99 99 99 100 100 100 100 99 98 98 97 97 98 98 99 100 99 98 98 99 100 99 98 101 100 99 98 98 98 98 98 99 99 98 98 98 99 99 100 100 100 99 99 99 99 100 100 99 98 98 99 100 100 99 97 100 99 98 98 98 98 99 100 98 98 98 98 98 98 98 98 100 100 99 99 98 98 99 99 99 99 99 99 99 98 98 98 98 98 99 99 99 99 99 99 101 100 99 98 97 97 97 97 99 99 99 99 99 99 99 99 99 99 98 98 98 98 98 98 98 99 100 99 98 98 99 100 99 99 99 99 99 99 99 99 97 98 98 99 99 98 98 97 99 99 98 98 98 98 99 99 98 97 96 98 101 102 100 99 99 99 99 99 99 99 99 99 98 98 98 99 99 99 99 99 99 99 99 98 98 98 98 98 97 98 99 100 100 100 99 98 99 99 100 100 100 100 99 99 98 98 99 100 100 100 99 99 100 100 100 100 100 100 100 100 98 98 98 99 99 99 99 99 97 99 100 100 98 97 97 98 98 99 99 99 100 100 100 101 98 98 98 99 99 99 100 100 99 99 99 99 99 99 99 99 99 99 99 99 99 98 98 98 98 99 99 99 99 99 99 98 99 99 98 98 98 98 99 99 98 98 98 98 98 98 98 98 98 98 98 98 98 98 98 98 96 96 97 97 97 98 98 98 99 99 99 99 99 99 98 98 97 97 97 97 97 97 97 97 98 97 97 97 97 97 97 98 98 98 98 98 98 98 98 98 96 96 96 96 97 98 100 101 98 98 98 97 97 97 97 96 95 96 96 96 97 97 97 98 96 96 96 96 96 96 96 96 98 98 98 97 97 97 97 97 96 96 97 98 98 98 98 98 97 97 96 96 96 96 96 96 98 97 97 97 98 97 95 93 97 96 95 96 97 98 97 96 97 97 96 96 96 96 97 97 95 96 97 98 98 97 96 95 95 95 96 96 96 95 94 93 96 95 95 94 94 95 95 96 96 95 94 95 97 98 98 97 96 96 96 96 97 97 97 97 95 95 96 96 96 96 95 95 95 95 95 94 94 95 95 95 96 96 96 95 95 94 94 94 95 95 95 95 95 95 95 95 96 95 94 95 96 97 97 96 93 93 94 95 95 94 93 93 95 95 95 95 95 95 95 95 95 96 96 96 94 94 94 95 96 95 94 95 96 96 96 95 95 95 95 95 95 95 95 95 93 93 93 94 94 95 95 95 94 94 94 94 94 94 94 94 94 94 95 95 95 95 94 94 95 95 95 94 94 94 94 94 93 94 95 95 94 93 94 95 96 95 94 93 93 93 94 94 96 95 94 94 93 94 94 94 92 92 93 93 93 93 92 92 93 93 94 94 94 94 93 93 94 94 94 94 94 94 94 94 96 95 94 93 93 94 95 96 94 94 94 94 93 93 93 93 96 96 95 95 94 93 93 92 94 94 94 94 94 94 94 94 93 93 95 95 95 94 92 91 94 94 93 93 93 93 92 92 94 92 91 91 93 94 93 92 95 93 92 91 92 92 92 91 91 92 92 92 93 93 93 93 93 93 93 93 93 93 93 93 91 92 93 93 91 91 92 93 91 91 91 91 91 91 91 91 93 92 92 91 91 92 92 93 91 90 89 89 90 91 91 91 92 92 92 92 92 92 92 92 89 90 91 92 93 92 92 91 90 90 90 90 90 90 90 90 92 88 88 91 91 89 90 93 90 91 91 91 89 89 90 92 93 89 88 91 92 90 89 91 88 89 89 89 90 91 91 91 89 89 89 90 90 90 90 90 90 89 88 88 88 88 89 90 90 90 90 89 88 88 90 92 92 91 90 89 89 90 91 92 90 90 89 89 89 89 90 90 89 90 90 90 88 88 88 89 90 90 89 89 89 89 88 88 88 88 88 87 88 88 89 90 89 88 88 88 88 88 89 89 88 88 88 87 87 87 87 87 90 89 88 88 88 89 90 91 87 87 87 88 88 88 89 89 89 88 88 88 88 87 87 87 86 86 87 88 88 88 88 88 87 87 86 87 89 89 88 86 87 87 87 87 87 87 87 88 85 85 86 87 87 87 86 86 88 86 85 86 87 88 88 87 87 86 85 86 87 88 87 86 87 87 87 87 87 86 85 85 85 84 84 84 84 84 84 84 85 85 85 85 85 85 85 85 87 87 86 86 86 86 85 85 86 86 85 85 85 85 85 85 84 85 86 87 87 86 84 83 84 84 85 85 85 85 84 84 85 84 84 84 86 86 84 83 84 85 86 85 84 83 84 85 85 85 85 85 85 85 85 85 84 84 84 84 84 84 85 85 85 85 85 85 84 84 84 84 83 84 85 86 87 86 86 85 84 84 84 84 84 84 84 84 85 85 85 85 85 84 84 83 85 85 85 85 85 85 85 85 84 84 84 84 84 84 84 84 84 84 85 85 85 85 84 84 84 84 84 83 83 84 84 84 83 83 83 83 83 83 83 83 84 82 81 82 85 86 85 83 83 83 83 83 83 83 83 83 84 84 83 83 83 84 84 84 84 84 84 83 83 82 82 82 82 83 83 83 83 83 82 81 85 85 85 85 85 84 84 83 84 83 82 81 81 81 82 83 84 84 83 82 82 83 84 84 82 82 83 83 83 83 84 84
100 100 99 99 99 99 100 100 99 99 99 99 99 100 100 101 100 100 99 99 99 99 100 100 99 99 99 99 99 98 98 98 99 99 99 99 100 100 100 100 99 98 98 97 97 98 98 99 100 99 98 98 99 100 99 98 100 100 99 98 98 98 98 99 98 98 98 98 98 99 100 101 101 100 99 98 98 99 100 101 99 98 98 99 100 100 99 97 100 99 98 97 97 98 99 100 98 98 98 98 98 98 98 98 100 99 98 97 96 97 98 98 99 99 99 99 99 98 98 98 97 98 99 100 100 100 99 98 100 99 98 97 96 96 96 96 100 100 100 100 100 100 100 100 98 98 98 97 97 96 96 96 98 99 100 99 98 98 99 100 99 99 99 99 99 99 99 99 97 98 98 99 99 98 98 97 99 99 98 98 98 98 99 99 97 96 96 99 101 102 100 98 99 99 98 98 98 98 99 99 98 98 98 99 99 99 99 99 98 98 98 98 98 97 97 97 97 98 99 100 100 100 99 98 99 99 100 100 100 100 99 99 98 99 100 100 101 100 100 100 98 98 98 98 98 98 98 98 98 98 98 99 99 99 100 100 97 99 100 99 98 96 96 97 98 99 99 99 100 100 101 101 97 97 98 98 99 100 100 101 99 99 99 99 99 99 99 99 99 99 99 99 99 98 98 98 101 100 98 97 97 98 100 101 100 100 99 99 99 99 100 100 98 98 98 98 98 98 98 98 98 98 98 98 98 98 98 98 98 98 98 97 97 97 97 97 98 98 98 97 97 97 96 96 97 97 97 97 97 97 97 97 99 98 97 96 96 97 98 99 99 99 99 98 98 97 97 97 95 95 95 95 96 98 100 102 100 99 99 99 99 98 98 98 95 95 96 96 97 97 98 98 97 97 97 97 97 97 97 97 98 98 98 97 97 97 97 97 95 95 96 97 97 97 97 97 94 95 97 99 99 99 98 97 98 98 97 98 98 97 94 92 97 96 95 96 97 98 97 96 97 97 96 96 96 96 97 97 95 96 97 98 98 97 96 95 94 95 96 96 96 95 94 93 96 95 95 94 94 95 95 96 94 93 93 94 96 97 97 97 96 96 96 97 97 97 97 97 95 96 96 97 97 96 96 95 97 96 95 95 95 95 96 97 96 96 96 95 95 94 94 94 95 95 95 95 95 95 95 95 96 95 94 95 97 97 97 96 92 93 94 95 95 94 93 92 97 96 94 93 93 94 96 97 95 96 97 96 94 93 94 95 97 96 95 95 97 97 96 95 95 95 95 95 95 95 95 95 94 94 94 95 95 96 96 96 94 94 94 94 94 94 94 94 94 94 95 95 95 95 94 94 95 95 95 94 94 94 93 93 93 94 95 95 94 93 94 95 96 95 94 93 93 94 95 96 96 95 94 94 93 94 94 94 94 94 95 95 95 95 94 94 92 93 94 95 95 94 93 92 93 93 93 93 93 93 93 93 95 93 92 91 91 92 93 95 95 94 94 94 93 93 93 92 93 92 92 91 90 90 89 89 94 94 94 94 94 95 95 95 92 93 95 96 96 94 92 90 93 92 92 92 92 91 91 91 94 91 88 89 91 92 92 91 94 93 91 90 91 91 90 89 92 92 92 93 93 94 94 94 93 93 93 93 93 93 93 93 91 92 93 93 91 91 92 93 90 90 90 90 90 90 90 90 93 92 92 91 91 92 92 93 93 91 90 91 92 94 94 93 89 89 89 89 89 89 89 89 91 91 90 90 90 91 93 93 92 91 91 90 89 88 88 87 94 90 90 93 92 89 90 93 90 91 91 90 89 89 91 92 94 89 87 90 93 92 90 90 87 88 88 89 90 91 92 92 87 88 88 89 90 91 92 92 91 90 89 88 88 89 90 91 90 90 90 89 88 88 90 92 89 89 88 89 90 91 93 94 89 90 91 92 92 91 90 89 89 90 90 90 88 88 88 89 90 90 90 89 89 89 89 88 88 88 88 87 88 88 89 90 90 90 89 88 87 87 87 88 89 89 89 89 88 88 88 88 88 87 87 87 87 87 88 89 91 90 90 89 88 87 87 86 88 88 88 88 87 87 87 87 86 86 87 88 88 88 88 88 87 86 86 87 89 89 88 87 87 87 87 88 88 88 88 88 85 85 86 86 87 87 86 86 88 86 85 85 86 88 88 88 85 85 84 86 88 89 89 89 86 86 86 86 86 85 84 83 89 89 89 88 88 87 87 87 87 86 86 86 86 86 86 86 87 87 86 86 86 86 85 85 87 86 86 85 84 84 85 85 84 85 86 87 86 85 83 81 85 86 86 87 87 86 86 85 86 86 85 86 87 87 86 85 83 84 85 85 84 84 85 86 84 84 84 84 84 84 84 84 87 87 87 87 87 87 87 87 86 85 85 85 84 84 84 83 82 83 85 86 87 87 86 86 84 84 84 84 84 84 84 84 85 85 85 85 85 84 84 83 85 85 85 85 85 85 85 85 84 84 84 84 84 84 84 84 84 85 85 85 85 85 84 83 85 84 83 82 82 83 84 85 83 83 83 83 83 83 83 83 87 85 83 84 86 86 84 82 82 82 82 82 82 82 82 82 85 85 83 83 82 83 84 85 86 86 86 85 84 83 83 83 83 83 83 83 82 82 81 80 85 85 85 85 85 85 84 83 86 85 84 83 82 83 84 84 85 84 82 81 81 82 84 85 82 82 83 83 83 83 84 84
100 100 100 100 99 99 99 99 101 101 100 100 99 99 99 98 100 100 99 98 97 97 96 96 100 99 99 99 98 98 98 97 98 98 99 99 100 100 101 101 100 100 100 100 100 100 100 100 99 99 99 99 99 99 99 99 99 99 99 99 99 99 99 99 99 99 99 99 99 98 98 98 98 98 98 99 99 99 100 100 100 100 100 100 100 100 100 100 101 99 99 99 100 101 100 99 99 99 100 99 98 97 99 100 99 99 99 100 99 99 98 97 99 99 98 98 98 98 99 99 98 98 98 98 98 98 98 98 99 99 99 99 99 99 99 99 99 99 99 99 99 98 98 98 100 100 100 100 100 100 100 100 101 99 99 99 100 101 100 99 97 98 100 101 100 100 101 102 99 99 99 99 99 99 99 99 100 99 99 99 99 99 100 101 99 99 99 99 99 99 99 99 99 99 99 99 99 99 99 99 97 98 98 99 99 98 98 97 99 99 99 99 99 98 98 98 97 98 99 99 100 99 99 99 96 97 100 101 102 100 98 97 98 98 98 99 99 99 100 100 97 98 100 100 99 98 99 100 102 101 101 100 99 99 98 98 98 98 97 96 97 98 99 100 99 99 99 99 99 99 99 99 100 100 100 100 100 100 100 100 97 98 98 99 99 98 98 97 96 98 99 99 99 99 100 102 99 99 99 98 97 97 99 101 97 98 99 98 96 95 96 97 96 97 98 99 99 98 97 96 101 99 97 96 97 98 98 98 98 99 100 99 97 96 97 98 98 98 98 98 98 98 98 98 97 97 97 97 97 97 97 97 97 97 96 95 95 96 97 98 97 97 97 97 97 97 97 97 98 98 98 98 98 97 96 95 95 96 97 98 99 99 98 98 97 97 97 97 97 97 97 97 98 98 98 97 97 97 97 97 96 96 96 96 96 96 96 96 99 99 99 98 98 98 98 97 98 98 97 97 96 96 95 95 95 98 98 94 94 97 97 93 100 94 93 97 99 97 95 97 96 96 96 96 96 96 96 96 95 95 96 96 95 95 94 94 93 95 97 98 98 97 95 93 96 95 95 95 95 96 97 97 94 94 94 94 94 94 94 94 95 95 95 95 95 95 95 95 95 95 95 95 95 95 95 95 94 94 94 95 95 96 96 96 93 94 94 95 95 94 94 93 93 95 97 96 94 93 95 97 93 94 96 97 97 96 94 93 94 94 94 94 94 94 94 94 97 96 96 96 95 94 94 94 95 94 93 94 96 97 96 95 95 94 93 92 92 94 96 97 93 94 94 95 95 94 94 93 94 95 96 96 95 94 96 97 93 96 96 92 91 94 94 90 93 93 93 93 93 93 93 93 88 91 94 95 93 92 90 90 93 94 95 95 94 93 94 95 91 92 92 92 93 93 94 94 93 93 93 94 95 95 96 96 91 91 92 93 93 93 93 93 89 91 93 95 95 94 93 91 91 92 92 92 93 93 94 94 92 92 92 93 93 93 94 94 91 93 93 92 92 94 92 87 91 92 94 95 96 96 96 95 94 94 94 94 94 94 94 94 92 92 93 93 92 92 91 91 95 94 93 93 93 93 91 90 95 94 93 94 95 96 95 94 93 93 93 93 93 93 93 93 91 93 94 93 90 88 89 90 93 93 92 92 92 92 93 93 89 90 91 91 92 92 92 92 90 91 92 92 91 90 91 92 92 93 94 95 95 95 94 93 91 90 90 90 90 91 91 92 94 94 93 93 92 91 91 90 91 91 91 91 91 91 91 91 90 90 90 90 90 90 90 90 86 87 89 91 92 91 90 89 88 88 88 89 89 90 91 92 92 92 91 90 90 90 90 90 93 92 91 90 89 89 90 90 92 91 91 91 91 92 92 93 90 90 90 90 90 90 90 90 91 91 91 91 91 91 91 91 87 89 90 90 89 88 88 89 89 89 90 90 90 89 88 88 89 90 90 90 88 88 88 89 88 88 89 89 89 89 88 88 85 87 88 88 87 87 88 89 88 89 89 90 90 89 89 88 87 87 88 88 88 88 87 87 89 89 88 87 87 87 87 87 89 89 89 89 88 88 88 88 87 87 87 87 87 86 86 86 86 87 87 87 88 88 88 89 89 90 90 90 89 88 87 87 86 86 87 87 88 87 87 87 89 88 87 86 85 86 87 88 87 87 86 86 86 86 87 87 86 86 87 87 87 87 86 86 85 86 86 87 87 86 86 85 82 83 84 85 86 87 87 87 87 87 87 87 87 87 87 87 85 85 85 85 85 84 84 83 81 81 81 82 83 85 86 87 85 85 85 85 85 85 85 85 86 86 86 85 85 85 84 84 88 86 84 84 85 86 86 86 87 87 86 84 83 83 83 83 86 86 86 85 85 84 83 82 87 87 86 85 84 84 84 84 85 84 83 82 82 83 84 85 85 85 84 84 84 84 85 85 85 85 84 84 84 84 85 85 84 84 84 84 85 85 85 85 85 85 85 85 85 85 85 85 84 84 84 84 84 84 84 84 83 84 85 85 85 84 83 82 82 82 81 81 81 81 80 80 83 83 83 83 83 83 83 83 82 83 83 84 84 83 83 82 83 84 85 85 85 85 85 85 82 83 84 83 82 82 83 84 86 85 85 84 84 84 84 85 84 84 84 84 84 83 83 83 85 84 83 82 82 82 82 83 82 82 82 82 82 82 82 82 81 83 85 84 82 81 83 85 83 83 83 83 83 83 83 83
